9605 | 1054 4255 5590 2080 5965 7625 197 9298 3428 7668 5237 4272 90 3274 7551 2739 6576 1458 4969 6734 7845 4611 585 3620 3536 8525 1371 7197 2371 3498 6803 3425 
1054 9605 | 4255 5590 2080 5965 7625 197 9298 3428 7668 5237 4272 90 3274 7551 2739 6576 1458 4969 6734 7845 4611 585 3620 3536 8525 1371 7197 2371 3498 6803 3425 
1054 4255 9605 | 5590 2080 5965 7625 197 9298 3428 7668 5237 4272 90 3274 7551 2739 6576 1458 4969 6734 7845 4611 585 3620 3536 8525 1371 7197 2371 3498 6803 3425 
1054 4255 5590 9605 | 2080 5965 7625 197 9298 3428 7668 5237 4272 90 3274 7551 2739 6576 1458 4969 6734 7845 4611 585 3620 3536 8525 1371 7197 2371 3498 6803 3425 
1054 2080 4255 5590 9605 | 5965 7625 197 9298 3428 7668 5237 4272 90 3274 7551 2739 6576 1458 4969 6734 7845 4611 585 3620 3536 8525 1371 7197 2371 3498 6803 3425 
1054 2080 4255 5590 5965 9605 | 7625 197 9298 3428 7668 5237 4272 90 3274 7551 2739 6576 1458 4969 6734 7845 4611 585 3620 3536 8525 1371 7197 2371 3498 6803 3425 
1054 2080 4255 5590 5965 7625 9605 | 197 9298 3428 7668 5237 4272 90 3274 7551 2739 6576 1458 4969 6734 7845 4611 585 3620 3536 8525 1371 7197 2371 3498 6803 3425 
197 1054 2080 4255 5590 5965 7625 9605 | 9298 3428 7668 5237 4272 90 3274 7551 2739 6576 1458 4969 6734 7845 4611 585 3620 3536 8525 1371 7197 2371 3498 6803 3425 
197 1054 2080 4255 5590 5965 7625 9298 9605 | 3428 7668 5237 4272 90 3274 7551 2739 6576 1458 4969 6734 7845 4611 585 3620 3536 8525 1371 7197 2371 3498 6803 3425 
197 1054 2080 3428 4255 5590 5965 7625 9298 9605 | 7668 5237 4272 90 3274 7551 2739 6576 1458 4969 6734 7845 4611 585 3620 3536 8525 1371 7197 2371 3498 6803 3425 
197 1054 2080 3428 4255 5590 5965 7625 7668 9298 9605 | 5237 4272 90 3274 7551 2739 6576 1458 4969 6734 7845 4611 585 3620 3536 8525 1371 7197 2371 3498 6803 3425 
197 1054 2080 3428 4255 5237 5590 5965 7625 7668 9298 9605 | 4272 90 3274 7551 2739 6576 1458 4969 6734 7845 4611 585 3620 3536 8525 1371 7197 2371 3498 6803 3425 
197 1054 2080 3428 4255 4272 5237 5590 5965 7625 7668 9298 9605 | 90 3274 7551 2739 6576 1458 4969 6734 7845 4611 585 3620 3536 8525 1371 7197 2371 3498 6803 3425 
90 197 1054 2080 3428 4255 4272 5237 5590 5965 7625 7668 9298 9605 | 3274 7551 2739 6576 1458 4969 6734 7845 4611 585 3620 3536 8525 1371 7197 2371 3498 6803 3425 
90 197 1054 2080 3274 3428 4255 4272 5237 5590 5965 7625 7668 9298 9605 | 7551 2739 6576 1458 4969 6734 7845 4611 585 3620 3536 8525 1371 7197 2371 3498 6803 3425 
90 197 1054 2080 3274 3428 4255 4272 5237 5590 5965 7551 7625 7668 9298 9605 | 2739 6576 1458 4969 6734 7845 4611 585 3620 3536 8525 1371 7197 2371 3498 6803 3425 
90 197 1054 2080 2739 3274 3428 4255 4272 5237 5590 5965 7551 7625 7668 9298 9605 | 6576 1458 4969 6734 7845 4611 585 3620 3536 8525 1371 7197 2371 3498 6803 3425 
90 197 1054 2080 2739 3274 3428 4255 4272 5237 5590 5965 6576 7551 7625 7668 9298 9605 | 1458 4969 6734 7845 4611 585 3620 3536 8525 1371 7197 2371 3498 6803 3425 
90 197 1054 1458 2080 2739 3274 3428 4255 4272 5237 5590 5965 6576 7551 7625 7668 9298 9605 | 4969 6734 7845 4611 585 3620 3536 8525 1371 7197 2371 3498 6803 3425 
90 197 1054 1458 2080 2739 3274 3428 4255 4272 4969 5237 5590 5965 6576 7551 7625 7668 9298 9605 | 6734 7845 4611 585 3620 3536 8525 1371 7197 2371 3498 6803 3425 
90 197 1054 1458 2080 2739 3274 3428 4255 4272 4969 5237 5590 5965 6576 6734 7551 7625 7668 9298 9605 | 7845 4611 585 3620 3536 8525 1371 7197 2371 3498 6803 3425 
90 197 1054 1458 2080 2739 3274 3428 4255 4272 4969 5237 5590 5965 6576 6734 7551 7625 7668 7845 9298 9605 | 4611 585 3620 3536 8525 1371 7197 2371 3498 6803 3425 
90 197 1054 1458 2080 2739 3274 3428 4255 4272 4611 4969 5237 5590 5965 6576 6734 7551 7625 7668 7845 9298 9605 | 585 3620 3536 8525 1371 7197 2371 3498 6803 3425 
90 197 585 1054 1458 2080 2739 3274 3428 4255 4272 4611 4969 5237 5590 5965 6576 6734 7551 7625 7668 7845 9298 9605 | 3620 3536 8525 1371 7197 2371 3498 6803 3425 
90 197 585 1054 1458 2080 2739 3274 3428 3620 4255 4272 4611 4969 5237 5590 5965 6576 6734 7551 7625 7668 7845 9298 9605 | 3536 8525 1371 7197 2371 3498 6803 3425 
90 197 585 1054 1458 2080 2739 3274 3428 3536 3620 4255 4272 4611 4969 5237 5590 5965 6576 6734 7551 7625 7668 7845 9298 9605 | 8525 1371 7197 2371 3498 6803 3425 
90 197 585 1054 1458 2080 2739 3274 3428 3536 3620 4255 4272 4611 4969 5237 5590 5965 6576 6734 7551 7625 7668 7845 8525 9298 9605 | 1371 7197 2371 3498 6803 3425 
90 197 585 1054 1371 1458 2080 2739 3274 3428 3536 3620 4255 4272 4611 4969 5237 5590 5965 6576 6734 7551 7625 7668 7845 8525 9298 9605 | 7197 2371 3498 6803 3425 
90 197 585 1054 1371 1458 2080 2739 3274 3428 3536 3620 4255 4272 4611 4969 5237 5590 5965 6576 6734 7197 7551 7625 7668 7845 8525 9298 9605 | 2371 3498 6803 3425 
90 197 585 1054 1371 1458 2080 2371 2739 3274 3428 3536 3620 4255 4272 4611 4969 5237 5590 5965 6576 6734 7197 7551 7625 7668 7845 8525 9298 9605 | 3498 6803 3425 
90 197 585 1054 1371 1458 2080 2371 2739 3274 3428 3498 3536 3620 4255 4272 4611 4969 5237 5590 5965 6576 6734 7197 7551 7625 7668 7845 8525 9298 9605 | 6803 3425 
90 197 585 1054 1371 1458 2080 2371 2739 3274 3428 3498 3536 3620 4255 4272 4611 4969 5237 5590 5965 6576 6734 6803 7197 7551 7625 7668 7845 8525 9298 9605 | 3425 
90 197 585 1054 1371 1458 2080 2371 2739 3274 3425 3428 3498 3536 3620 4255 4272 4611 4969 5237 5590 5965 6576 6734 6803 7197 7551 7625 7668 7845 8525 9298 9605 |
